x: -0.5
sumy: 9.32
x2: 1.875
x3: -0.6875
x4: 1.38281
xy: 2.855
x2y: 2.71375
Q: 0.35253
